[gd_scene format=3 uid="uid://mgp02mkor0at"]

[ext_resource type="PackedScene" uid="uid://bs72ogkvdd7d6" path="res://proto_controller/proto_controller.tscn" id="1_a202f"]

[sub_resource type="StandardMaterial3D" id="StandardMaterial3D_a202f"]
albedo_color = Color(0.20392157, 0.54901963, 0.19215687, 1)

[node name="Node3D" type="Node3D" unique_id=969117701]

[node name="CSGBox3D" type="CSGBox3D" parent="." unique_id=2009433927]
transform = Transform3D(1, 0, 0, 0, 1, 0, 0, 0, 1, 4.101859, 0.22102153, -1.0893517)
use_collision = true
size = Vector3(37.80862, 0.0234375, 29.50113)
material = SubResource("StandardMaterial3D_a202f")

[node name="CSGBox3D2" type="CSGBox3D" parent="." unique_id=212275714]
transform = Transform3D(1, 0, 0, 0, 1, 0, 0, 0, 1, 0.24628925, 4.1791687, -11.117793)
use_collision = true
size = Vector3(24.676605, 9.358337, 0.018493652)

[node name="CSGBox3D2" type="CSGBox3D" parent="CSGBox3D2" unique_id=307799918]
transform = Transform3D(-0.003228791, 0, 0.9999949, 0, 1, 0, -0.9999949, 0, -0.003228791, 12.318634, 0.028439045, 11.713498)
size = Vector3(24.285645, 9.358337, 0.018493652)

[node name="CSGBox3D3" type="CSGBox3D" parent="CSGBox3D2/CSGBox3D2" unique_id=1783027503]
transform = Transform3D(-0.003228797, 0, 0.99999744, 0, 1, 0, -0.99999744, 0, -0.003228797, -10.039187, 0.49194765, -12.311158)
size = Vector3(25.07788, 9.358337, 0.018493652)

[node name="CSGBox3D2" type="CSGBox3D" parent="CSGBox3D2/CSGBox3D2" unique_id=362584826]
transform = Transform3D(1, 0, 0, 0, 1, 0, 0, 0, 1, 0.03985685, 0.51558876, -24.444878)
size = Vector3(24.285645, 9.358337, 0.018493652)

[node name="ProtoController" parent="." unique_id=2009076967 instance=ExtResource("1_a202f")]
transform = Transform3D(1, 0, 0, 0, 1, 0, 0, 0, 1, 0.057118893, 0.014735758, -0.10608339)

[node name="DirectionalLight3D" type="DirectionalLight3D" parent="." unique_id=357779617]
transform = Transform3D(1, 0, 0, 0, -0.8782001, 0.4782934, 0, -0.4782934, -0.8782001, 0, 10.678032, 0)

[node name="DirectionalLight3D" type="DirectionalLight3D" parent="DirectionalLight3D" unique_id=335892530]
transform = Transform3D(0.9957584, 0.06530619, 0.06480872, 0.07515205, -0.17095947, -0.98240775, -0.053077653, 0.98311126, -0.1751422, 0, 3.2543983, 4.043128)

[node name="DirectionalLight3D" type="DirectionalLight3D" parent="DirectionalLight3D/DirectionalLight3D" unique_id=1456607928]
transform = Transform3D(-0.22009733, 0.87552714, 0.43012738, -0.7904291, -0.418469, 0.44733134, 0.57164544, -0.24152891, 0.7841462, 0.8621867, -7.430869, 5.000783)

[node name="DirectionalLight3D" type="DirectionalLight3D" parent="DirectionalLight3D/DirectionalLight3D/DirectionalLight3D" unique_id=923126710]
transform = Transform3D(-0.13568094, -0.9658772, 0.22061674, -0.13505232, -0.2025668, -0.9699113, 0.98150486, -0.16139331, -0.10295924, 1.0878282, -2.6541362, -2.6838307)
